     4.0    18.0  2018.0 16 14 20                                       
     1.0E-09 1.0E-9
     1.00000000e-03 1.00000000 1.00000000   1.0
900.00000000
 0.2100000 0.0900000
     1.00000e+15     9.10000e+28     3.50000e-10
 0.785 0.668 0.872 0.440
 1.86666667  3.33333333  1.00000000
 1.00000000  1.00000000  1.00000000
-4.27000000 -4.20000000 -4.44000000
 0.90000000  0.90000000  0.90000000  1.00000000
 1.28000000  0.97000000  1.04000000
 1.40000000  1.60000000  1.79000000  1.40000000
 0.00300000 -0.00100000  0.00500000
     1.5e+13     1.5e+12
 1.00000000 12.00 1.00 1.00
 19  1.0E-00     1.0E+01     5.0E+02     1.0E+03     5.0E+03     1.4E+04
     5.0E+04     7.1E+04     1.0E+05     1.4E+05     3.6E+05     4.3E+05 
     7.1E+05     2.1E+06     2.2E+06     2.3E+06     5.0E+06     7.0E+07  
     1.0E+08     
N
 1.0000 1.0000 1.0000 1.0000 1.0000 1.0000
 1.0000 1.0000 1.0000 1.0000 1.0000 1.0000
 1.0000 1.0000 1.0000 
 1.0000 1.0000 1.0000 1.0000 1.0000 1.0000
 1.0000 1.0000 1.0000 1.0000 1.0000 1.0000
 1.0000 1.0000 1.0000 
 1.0000 1.0000 1.0000 1.0000 1.0000 1.0000
 1.0000 1.0000 1.0000 1.0000 1.0000 1.0000
 1.0000 1.0000 1.0000  
 1.0000 1.0000 1.0000 1.0000 1.0000 1.0000
 1.0000 1.0000 1.0000 1.0000 1.0000 1.0000
 1.0000 1.0000 1.0000  
 1.0000 1.0000 1.0000 1.0000 1.0000 1.0000
 1.0000 1.0000 1.0000 1.0000 1.0000 1.0000
 1.0000 1.0000 1.0000 
 1.0000 1.0000 1.0000 1.0000 1.0000 1.0000
 1.0000 1.0000 1.0000 1.0000 1.0000 1.0000
 1.0000 1.0000 1.0000 


